c = [
 7.72929348e-01 
 7.68461848e-01 
 7.71614706e-01 
 7.75651241e-01 
 7.80172883e-01 
 7.79620731e-01 
 7.80945254e-01 
 7.78625670e-01 
 7.78456715e-01 
 7.75636867e-01 
 7.79941888e-01 
 7.74925006e-01 
 7.70921254e-01 
 7.73381679e-01 
 7.68865954e-01 
 7.64953794e-01 
 7.60922003e-01 
 7.62084664e-01 
 7.60790266e-01 
 7.56290874e-01 
 7.62018400e-01 
 7.69706970e-01 
 7.76350172e-01 
 7.83885907e-01 
 7.85904134e-01 
 7.89206529e-01 
 7.86279420e-01 
 7.84809871e-01 
 7.85624406e-01 
 7.79730952e-01 
 7.84349243e-01 
 7.84627012e-01 
 7.81359750e-01 
 7.80242030e-01 
 7.79283538e-01 
 7.77958589e-01 
 7.80052566e-01 
 7.81132308e-01 
 7.77441959e-01 
 7.78071693e-01 
 7.73348653e-01 
 7.84388984e-01 
 7.86576534e-01 
 7.85436118e-01 
 7.84700389e-01 
 7.87425988e-01 
 7.88261202e-01 
 7.93370965e-01 
 7.92359092e-01 
 7.90053025e-01 
 7.85822373e-01 
 7.85246340e-01 
 7.76859987e-01 
 7.75131628e-01 
 7.67342064e-01 
 7.64916588e-01 
 7.63462465e-01 
 7.57511283e-01 
 7.56974622e-01 
 7.52418917e-01 
 7.42206798e-01 
 7.42098875e-01 
 7.36660804e-01 
 7.31728848e-01 
 7.25983941e-01 
 7.30040960e-01 
 7.31145130e-01 
 7.33057091e-01 
 7.35977104e-01 
 7.42991611e-01 
 7.48071489e-01 
 7.54449478e-01 
 7.54688982e-01 
 7.54565408e-01 
 7.58573364e-01 
 7.67845339e-01 
 7.60449566e-01 
 7.69533955e-01 
 7.67701755e-01 
 7.59754684e-01 
 7.62800891e-01 
 7.66343114e-01 
 7.64896966e-01 
 7.53797918e-01 
 7.55334691e-01 
 7.49666353e-01 
 7.44959057e-01 
 7.42539746e-01 
 7.46848208e-01 
 7.43413757e-01 
 7.45034936e-01 
 7.47583836e-01 
 7.51614562e-01 
 7.56351794e-01 
 7.54927000e-01 
 7.53503603e-01 
 7.52802626e-01 
 7.51699785e-01 
 7.48849385e-01 
 7.53884304e-01 
 7.52891377e-01 
 7.62310339e-01 
 7.61078762e-01 
 7.67561801e-01 
 7.63854724e-01 
 7.63878022e-01 
 7.72426748e-01 
 7.74102480e-01 
 7.76657476e-01 
 7.74728284e-01 
 7.76109796e-01 
 7.81597009e-01 
 7.92480748e-01 
 7.93232718e-01 
 7.91720113e-01 
 7.96212209e-01 
 7.97889106e-01 
 7.94063013e-01 
 7.97024398e-01 
 7.93844485e-01 
 7.87714609e-01 
 7.88529769e-01 
 7.92699120e-01 
 7.95469317e-01 
 7.99941684e-01 
 7.95259969e-01 
 7.91297182e-01 
 7.90644661e-01 
 7.87946412e-01 
 7.85097910e-01 
 7.86455854e-01 
 7.81173810e-01 
 7.85171688e-01 
 7.87967990e-01 
 7.84495288e-01 
 7.82671958e-01 
 7.82491214e-01 
 7.81035001e-01 
 7.80176690e-01 
 7.78561424e-01 
 7.80820735e-01 
 7.79237309e-01 
 7.78543104e-01 
 7.74369289e-01 
 7.71938666e-01 
 7.72267805e-01 
 7.67164306e-01 
 7.65610749e-01 
 7.72032901e-01 
 7.72222562e-01 
 7.76237498e-01 
 7.86120752e-01 
 7.87629233e-01 
 7.84938373e-01 
 7.82115115e-01 
 7.84793463e-01 
 7.78588353e-01 
 7.79575468e-01 
 7.77551868e-01 
 7.77054307e-01]; 
